Resp	V1	V2	A1	A2
0	17	9	16	18
1	13	10	11	4
0	18	8	4	10
0	5	6	10	15
1	2	17	18	17
1	12	12	8	6
1	9	9	8	3
0	4	1	2	14
0	2	4	16	17
0	4	18	14	15
0	3	2	18	19
1	17	17	19	14
0	7	13	7	8
0	13	17	14	14
1	9	14	16	6
1	4	1	10	9
0	3	10	14	13
1	3	1	8	4
1	14	3	7	2
0	8	7	10	8
1	4	2	13	6
0	1	4	1	5
1	11	2	18	6
0	6	8	1	6
1	5	15	17	3
1	4	12	1	3
1	7	13	15	8
1	12	13	19	6
1	16	1	16	12
0	2	11	6	17
1	6	9	17	8
0	12	15	9	10
1	17	15	15	6
0	4	6	6	18
1	17	3	16	7
1	1	3	10	3
1	14	5	12	1
0	3	9	11	9
0	14	7	11	14
1	11	1	14	7
0	12	7	13	14
1	6	4	16	7
0	16	15	3	11
1	15	2	3	7
1	18	18	13	7
0	10	15	10	10
0	17	18	9	11
1	3	15	13	2
0	13	7	3	9
1	10	9	16	11
1	15	8	3	3
0	12	5	11	11
1	1	11	13	11
1	1	11	15	3
1	6	14	12	8
0	7	11	11	16
1	5	9	15	13
0	13	14	1	10
0	12	11	2	14
1	17	2	7	6
1	2	10	13	8
1	1	14	16	16
0	7	1	17	18
1	3	3	4	13
0	7	15	9	13
1	2	6	10	8
1	7	1	7	8
1	5	17	15	3
0	18	1	10	16
1	3	18	13	5
1	8	1	15	13
0	4	13	1	10
1	2	6	5	5
1	2	12	7	5
0	18	16	8	18
0	4	5	13	8
1	14	18	12	8
1	15	17	17	12
1	11	11	17	15
0	15	5	2	8
1	3	18	19	1
1	1	8	3	5
0	8	15	8	9
1	11	13	3	3
1	6	14	18	11
1	1	9	18	6
0	14	12	10	18
1	17	12	19	4
1	7	4	11	9
1	3	1	15	10
1	12	9	16	11
0	13	18	6	19
0	2	11	1	18
1	4	12	14	12
1	4	17	9	8
0	18	11	4	19
0	6	6	4	13
0	14	4	2	17
1	17	6	16	16
1	15	1	12	12
0	5	13	5	9
0	2	4	7	19
0	9	14	13	16
1	1	8	18	7
0	2	13	9	11
1	2	2	15	7
0	12	10	15	16
1	12	3	15	18
0	2	8	1	17
1	3	15	18	9
1	15	11	14	11
0	10	2	3	17
0	1	10	11	17
0	6	16	3	16
1	17	18	9	5
0	6	4	14	14
1	6	7	13	6
0	3	13	6	11
1	17	6	12	8
0	13	2	18	18
1	6	5	19	15
1	17	2	3	8
1	10	8	3	3
0	14	3	9	14
1	9	4	19	2
1	15	1	12	13
1	5	4	16	6
0	12	8	4	14
0	11	5	5	19
0	6	4	9	15
1	17	4	8	5
1	6	8	18	3
0	14	7	2	16
1	12	16	7	2
0	10	11	17	19
1	14	10	19	2
0	7	3	1	12
1	13	14	17	4
0	7	18	7	18
1	4	12	13	11
1	12	3	9	9
1	4	9	16	2
1	9	17	18	8
1	12	7	11	10
1	5	7	15	2
0	3	15	17	17
0	18	5	5	12
1	9	17	18	5
1	15	8	11	9
1	1	8	17	8
0	4	16	13	9
0	6	11	3	15
0	14	12	8	9
1	6	11	19	5
0	1	16	4	18
1	13	5	18	4
1	1	12	14	6
0	5	18	2	16
1	2	17	9	4
0	7	1	3	14
1	1	13	15	1
1	3	9	13	1
0	10	17	2	13
0	11	12	11	8
0	14	8	11	18
0	6	16	11	17
0	2	1	9	17
1	2	16	19	11
0	8	18	11	19
1	8	17	10	12
1	2	18	10	3
0	14	16	1	2
1	9	8	15	5
1	10	12	15	1
0	11	16	7	8
1	2	1	7	9
1	2	14	16	14
1	18	14	14	7
1	9	6	10	6
1	2	12	16	16
0	10	16	4	7
1	7	12	19	16
0	18	3	3	9
0	18	14	4	15
0	10	10	2	19
1	2	18	17	5
0	14	3	9	15
1	4	7	2	1
0	11	17	7	9
0	18	10	9	19
0	15	16	17	19
0	5	18	3	12
1	13	13	19	1
0	4	14	17	15
0	14	6	5	14
0	3	13	17	19
1	14	9	11	14
1	17	5	18	12
0	13	15	7	15
0	10	4	19	17
0	7	3	10	15
1	7	15	4	3
0	12	13	9	10
0	9	8	14	19
0	5	3	6	16
1	1	9	11	5
1	5	1	10	1
0	9	7	10	13
1	9	13	16	4
1	15	2	19	11
1	18	12	14	15
1	11	2	12	5
0	10	1	7	14
0	9	18	5	12
1	1	1	1	7
1	17	10	4	1
1	1	12	19	12
1	18	11	14	15
1	10	13	11	5
1	17	12	15	8
0	6	16	4	9
1	9	10	12	6
0	14	17	8	5
1	5	2	11	2
1	18	10	19	10
1	1	13	5	3
0	11	9	8	14
0	16	17	12	17
1	14	4	5	7
1	1	13	2	2
1	3	7	12	6
1	3	12	7	3
0	18	7	8	16
1	15	12	8	4
0	17	7	11	14
1	2	14	13	14
0	11	10	10	18
1	8	4	12	5
0	4	11	16	12
1	13	4	15	3
0	3	7	10	14
0	9	10	13	16
1	16	18	19	7
1	9	17	6	9
1	11	8	18	3
1	17	9	2	5
1	16	8	18	14
1	7	16	10	9
0	2	12	12	19
1	12	5	19	7
1	6	14	9	5
1	10	8	7	7
1	4	15	11	2
1	8	1	15	1
0	11	14	11	18
1	13	4	6	8
0	17	3	6	10
1	2	14	15	8
0	16	5	6	16
1	9	10	2	2
0	11	7	4	12
1	16	12	13	1
0	5	12	3	12
1	6	5	11	11
1	7	8	14	7
1	17	9	17	18
1	1	8	15	1
1	3	15	11	5
1	2	17	18	8
1	1	18	16	15
0	18	5	7	15
1	12	17	15	7
0	7	15	3	7
1	7	8	3	2
1	6	13	5	3
0	13	13	19	18
0	2	10	5	5
0	8	15	12	11
0	10	5	2	15
1	2	16	7	11
0	2	7	9	16
0	11	2	3	14
0	16	9	11	11
0	2	5	12	12
0	7	2	15	16
0	15	11	10	17
0	16	10	11	15
0	7	18	17	19
0	6	4	14	15
1	8	16	17	8
0	9	13	10	15
1	8	7	9	1
0	6	17	4	15
0	16	14	7	14
0	10	6	3	17
1	9	1	15	9
0	9	13	3	8
0	2	14	19	17
1	1	7	14	13
0	16	3	9	12
