Resp	V1	V2	A1	A2
1	12	10	5	7
1	15	1	12	4
1	4	15	15	11
0	8	16	13	17
0	11	18	10	18
0	13	1	2	6
0	5	6	8	19
0	4	13	18	17
0	1	16	1	12
0	11	5	8	9
0	1	7	7	14
0	10	7	2	18
0	7	18	2	7
1	7	13	19	6
1	6	11	16	3
1	3	9	3	6
0	4	1	18	1
0	11	8	12	19
0	3	14	9	7
0	3	17	11	4
1	11	2	17	3
0	6	2	7	13
1	14	1	16	1
1	16	12	17	16
0	13	9	9	13
0	10	18	7	13
0	14	10	1	12
1	11	4	19	9
1	4	2	14	7
0	16	13	16	9
1	8	8	14	5
1	10	4	6	2
0	11	5	17	16
1	4	9	1	7
0	4	18	6	18
0	11	4	7	17
0	11	13	12	15
0	14	9	14	13
0	1	18	6	13
1	17	12	19	11
0	9	4	5	19
0	7	13	4	16
1	7	2	5	8
0	3	3	2	12
0	17	12	12	14
0	10	1	6	12
1	9	5	15	8
1	9	5	4	6
1	15	2	17	10
1	3	3	14	11
1	10	5	11	8
0	1	2	4	17
1	18	2	18	11
0	5	15	15	13
1	17	18	16	11
1	14	5	4	9
1	6	7	14	11
1	6	7	2	5
1	15	17	19	11
1	12	11	9	4
1	12	1	11	6
0	17	13	13	14
1	8	3	17	3
1	5	13	19	17
1	4	17	13	2
0	14	10	13	16
1	17	10	11	7
0	3	15	5	13
0	6	1	5	13
1	6	18	15	3
0	10	5	7	13
0	18	1	15	19
1	11	2	18	7
0	1	1	4	15
1	13	2	12	5
1	18	12	2	7
0	9	15	1	9
1	11	4	10	2
1	1	9	11	7
1	8	3	1	5
0	2	13	3	11
1	9	16	19	6
1	1	1	14	10
1	5	14	7	8
1	13	14	16	7
0	7	2	7	14
1	18	17	19	2
0	10	11	2	16
1	9	1	19	12
1	12	11	2	9
1	7	17	5	1
0	9	16	7	19
1	4	17	18	17
0	10	6	7	11
1	9	11	7	3
0	13	11	9	10
1	1	17	8	1
1	3	14	14	2
0	6	11	9	19
0	6	9	10	18
0	2	16	3	9
0	3	13	5	5
0	1	14	2	5
0	6	10	17	19
1	6	18	19	5
0	5	13	1	12
1	16	13	15	2
0	8	5	3	19
1	1	12	8	7
0	6	9	12	11
1	3	12	14	5
1	2	5	2	5
0	6	18	15	13
1	13	8	2	5
1	5	9	19	11
1	16	2	19	7
0	9	9	4	12
0	17	5	7	18
1	12	4	10	9
1	9	7	1	6
1	15	11	12	7
1	16	12	7	3
1	14	16	19	8
0	3	6	7	15
0	4	7	4	15
1	2	7	19	18
1	5	12	17	1
1	15	4	17	5
1	12	14	1	1
0	17	17	12	19
1	7	15	15	12
1	4	17	11	5
1	14	12	18	10
0	15	15	10	16
1	13	3	3	8
1	5	1	16	11
0	16	5	9	18
1	5	6	18	12
0	13	3	3	14
1	4	2	13	8
1	3	2	8	11
1	7	16	9	8
0	14	16	2	10
0	15	7	16	18
1	3	15	18	3
0	5	2	5	9
0	10	14	12	12
1	14	13	17	18
1	10	2	7	6
1	9	2	12	12
0	18	9	15	16
0	1	2	1	9
1	7	12	10	5
1	16	7	11	3
1	14	13	17	1
1	14	17	3	3
1	4	17	6	1
1	12	18	17	5
0	7	14	6	11
0	12	18	4	7
0	10	7	9	17
1	3	7	7	1
1	6	4	18	2
0	15	5	8	19
0	14	11	3	9
1	12	17	11	3
1	5	9	1	7
1	16	12	19	3
0	12	12	5	9
0	12	16	12	10
0	14	2	2	16
0	2	18	5	19
1	1	11	9	2
0	7	10	13	11
1	2	6	1	1
1	14	13	9	5
0	2	9	6	15
1	16	5	1	1
0	11	16	3	6
1	18	9	16	15
1	12	9	10	4
1	14	3	15	8
0	6	13	7	12
1	16	16	17	1
1	9	14	13	4
0	11	17	1	10
1	18	13	9	12
1	18	4	17	5
0	18	11	8	8
0	6	14	19	19
1	7	5	18	8
1	6	7	6	3
0	7	6	5	9
0	3	1	3	12
0	15	3	7	7
1	3	2	18	6
0	15	2	9	19
0	10	1	10	9
0	12	2	7	13
1	10	12	16	2
1	4	6	6	6
1	2	4	5	7
0	5	10	7	13
0	6	17	6	17
0	13	12	2	6
0	8	10	3	8
1	2	7	18	7
1	4	9	2	2
0	17	2	3	9
1	13	18	13	4
1	12	4	9	4
1	2	10	11	9
1	8	13	16	5
1	15	18	11	1
0	17	1	4	18
1	18	9	15	18
1	18	2	6	7
1	3	9	16	8
1	12	6	4	10
0	17	14	1	18
1	6	18	15	15
1	14	3	1	3
0	12	5	15	18
0	17	9	11	13
1	3	13	19	3
1	1	9	14	4
1	18	2	18	1
0	17	9	7	6
1	6	1	4	2
0	3	5	9	6
1	16	10	15	9
0	10	3	10	18
1	11	15	11	6
1	7	18	19	14
1	5	15	5	4
1	17	6	17	19
1	3	13	8	6
0	9	16	9	8
1	2	10	18	10
0	4	18	2	12
0	4	16	4	15
0	13	3	3	17
1	9	18	8	3
0	17	16	10	17
0	7	8	1	11
0	4	7	8	17
1	4	9	10	7
0	11	10	3	10
1	4	18	10	4
1	17	13	19	18
0	9	1	2	9
0	3	11	16	19
1	11	15	2	6
0	5	14	19	19
0	16	12	14	18
1	10	17	3	6
0	1	13	8	16
1	18	6	9	2
0	18	18	12	13
1	9	5	13	7
0	4	18	13	15
1	1	4	13	5
1	2	13	18	5
1	9	11	16	1
1	5	7	15	1
0	9	8	2	18
0	13	11	2	12
0	13	6	5	18
1	16	12	13	8
1	4	16	5	1
0	14	8	9	17
1	6	11	18	6
0	11	16	1	12
0	11	12	15	17
0	16	14	2	17
1	17	13	1	4
0	1	7	1	14
1	10	6	16	3
1	4	2	7	1
0	15	10	7	13
1	6	15	14	8
1	4	17	19	17
1	13	12	1	7
1	10	14	1	7
0	16	9	7	13
0	5	15	8	18
1	9	15	8	3
0	3	6	8	17
0	12	6	7	13
1	1	7	19	10
1	9	16	13	2
0	1	7	10	19
0	12	11	10	15
0	1	12	13	14
1	2	16	13	6
1	11	1	8	10
1	16	16	4	6
1	10	18	16	5
0	17	4	6	15
1	4	8	3	12
