Resp	V1	V2	A1	A2
0	15	6	15	13
0	10	6	10	6
1	5	10	7	18
1	4	12	7	7
0	11	12	9	7
0	2	2	9	7
1	5	16	2	5
0	18	10	13	12
1	11	17	13	6
0	7	6	13	7
0	16	3	13	12
1	12	14	2	19
1	3	11	1	18
1	8	14	7	2
1	3	3	11	13
0	5	4	14	9
0	14	7	13	6
1	14	16	15	12
0	7	6	15	7
1	3	15	3	10
1	5	13	9	13
1	10	13	5	15
0	5	1	3	11
0	5	2	11	14
0	17	8	9	18
1	1	10	18	12
1	1	5	2	12
0	18	13	5	9
1	8	12	17	10
1	3	13	1	10
1	4	18	5	1
0	7	3	7	1
1	1	15	14	4
0	7	6	8	17
0	8	8	10	8
1	6	14	11	13
1	8	8	5	18
1	10	18	17	15
1	6	5	14	5
0	16	2	19	17
0	12	3	13	12
0	13	1	13	5
1	11	18	8	9
1	5	16	8	19
1	1	18	8	15
1	7	15	3	5
0	11	4	12	11
0	17	11	13	8
1	1	12	17	11
1	1	17	13	9
0	6	1	3	3
1	6	15	19	11
1	3	17	6	4
0	17	10	11	11
0	6	6	4	12
1	8	6	13	7
1	4	3	15	10
0	13	7	7	14
0	16	11	17	19
1	4	11	17	4
0	7	2	8	12
0	15	13	19	7
0	4	4	9	18
0	6	6	5	3
0	15	17	18	15
0	15	6	6	12
1	13	17	14	15
1	2	16	16	15
0	1	3	10	8
1	6	14	1	13
0	14	6	15	17
0	5	4	19	13
1	3	8	4	8
1	1	15	4	10
0	5	3	18	11
0	16	2	16	8
1	3	3	9	12
1	8	12	10	5
0	17	12	1	7
0	8	4	18	16
1	11	14	2	10
1	9	12	7	13
1	12	13	2	1
0	13	4	17	18
0	9	7	14	3
1	8	15	1	6
1	4	13	1	3
1	2	14	14	15
0	8	2	5	5
1	4	13	16	5
0	14	10	7	2
1	13	12	7	19
1	3	9	12	7
1	7	13	4	12
0	5	2	1	16
0	9	6	11	11
1	7	13	12	6
0	3	4	19	14
1	8	16	14	7
0	15	12	8	2
1	6	10	2	3
0	8	9	12	1
0	11	10	19	6
1	2	11	11	9
0	12	14	16	3
0	4	8	13	8
0	6	3	11	18
0	18	8	8	2
0	7	4	9	16
1	1	16	11	5
0	18	6	6	1
1	5	16	4	15
0	1	6	18	7
1	7	10	18	17
1	8	17	6	15
0	3	1	11	6
0	1	2	16	11
0	1	5	18	9
1	3	9	16	3
0	16	5	7	2
0	3	2	16	1
1	1	17	1	9
1	6	13	19	17
0	11	8	8	17
1	2	5	2	1
0	7	6	1	12
0	18	10	7	13
1	17	17	13	7
0	14	15	16	19
1	2	15	12	12
0	17	11	16	17
1	7	15	6	3
1	5	15	6	18
0	7	3	13	3
0	2	5	3	17
0	11	7	15	18
0	11	3	17	13
1	7	7	5	6
0	18	11	9	1
0	18	15	11	12
0	4	4	18	1
1	4	7	9	8
1	7	17	13	3
1	3	8	10	11
1	16	15	10	10
0	13	6	11	11
0	13	11	16	12
0	5	5	19	7
1	11	17	2	1
1	5	13	3	8
0	12	7	16	13
0	16	11	15	11
0	12	10	8	3
1	10	11	6	11
0	5	1	12	9
0	5	4	14	6
1	6	13	9	8
0	14	5	17	13
1	13	17	10	16
0	5	2	2	1
0	13	7	17	3
0	6	5	6	2
0	1	2	13	17
0	5	4	17	14
1	6	13	19	12
0	9	3	14	13
0	9	10	7	16
0	8	6	7	13
0	12	5	15	9
0	10	7	4	13
0	11	4	13	13
0	15	5	16	18
1	13	15	3	2
0	9	3	15	7
0	7	3	13	6
1	3	13	2	9
0	7	4	3	19
0	18	7	12	19
0	17	1	13	13
1	6	8	9	16
0	13	9	2	11
1	6	15	14	12
0	18	4	7	3
1	3	9	8	2
0	1	1	9	6
0	9	6	14	19
0	5	1	12	12
1	7	15	7	7
0	9	5	18	11
0	18	17	15	16
0	4	6	7	8
0	15	3	13	7
0	17	14	10	15
0	7	10	5	2
0	16	6	12	14
0	15	3	16	4
0	17	12	11	10
1	1	10	3	13
0	9	10	13	15
0	17	15	10	3
1	1	8	3	18
1	18	18	7	19
0	7	2	2	5
1	8	13	3	19
1	6	16	1	13
1	8	9	19	11
0	12	10	17	13
0	3	13	1	6
0	4	7	12	8
1	9	17	5	12
1	4	11	14	11
0	9	13	14	4
1	7	8	11	3
0	5	5	12	13
0	18	2	10	18
0	11	6	19	9
0	11	5	14	19
1	3	14	13	16
1	18	17	18	17
0	17	6	2	5
0	15	4	1	14
0	8	1	2	15
1	11	16	3	5
1	3	12	1	16
0	15	1	19	11
1	3	12	11	11
1	3	9	12	15
1	14	14	17	4
1	9	18	15	13
1	11	17	12	5
1	15	15	12	4
0	14	10	2	7
1	2	18	2	15
0	18	2	18	15
0	17	7	19	18
0	4	2	2	9
1	12	10	14	10
1	5	18	11	3
0	14	10	9	10
0	4	4	1	16
0	2	3	9	11
1	9	17	14	2
1	2	5	18	7
0	12	12	11	14
0	5	4	4	11
1	15	18	4	5
0	17	13	17	1
1	13	15	1	9
0	8	10	4	13
1	1	3	5	8
0	6	2	12	2
0	6	4	1	14
1	2	11	9	14
0	8	1	9	10
1	2	7	12	9
0	8	1	17	14
1	14	4	4	1
0	14	1	19	2
1	12	1	5	4
1	1	9	9	3
0	17	7	5	6
1	4	15	2	1
0	18	8	15	17
1	7	12	19	15
0	15	6	15	4
1	2	14	2	15
1	1	9	6	17
1	2	13	11	3
1	14	14	18	16
0	13	9	14	7
1	7	17	12	14
0	10	1	13	6
0	1	1	15	18
1	1	18	7	2
0	6	3	14	1
1	3	16	9	2
1	2	5	2	12
1	4	13	5	12
0	10	1	16	9
0	17	3	10	2
1	8	11	14	14
1	9	14	6	3
0	16	5	5	15
1	17	16	2	2
1	6	16	4	17
0	7	5	8	15
0	11	8	14	1
1	9	10	4	5
1	1	3	19	15
1	3	1	16	10
1	8	16	3	3
0	13	1	14	13
1	6	16	4	11
0	6	7	6	9
1	1	7	3	7
0	4	1	18	6
1	6	13	1	11
1	2	13	16	17
1	1	18	11	11
1	6	16	5	15
