Resp	V1	V2	A1	A2
0	18	8	1	12
0	18	17	9	3
1	2	11	16	11
0	7	2	17	13
1	4	13	11	17
1	11	18	10	9
0	18	13	15	10
1	9	7	3	19
1	11	15	14	5
0	12	6	4	3
0	15	2	3	11
1	11	16	19	19
1	5	3	13	10
1	5	13	18	13
0	15	1	8	3
0	12	13	10	14
0	10	2	15	12
0	3	2	12	6
0	17	15	2	10
1	2	12	8	10
1	13	13	19	9
1	3	14	9	19
1	12	17	18	3
1	4	15	1	8
0	14	8	5	1
0	4	4	5	11
1	4	8	14	12
1	3	3	17	14
1	12	18	16	9
0	1	3	7	5
0	3	4	12	13
1	13	15	4	17
1	17	17	14	2
0	2	8	8	4
0	5	5	17	9
0	11	4	17	4
0	2	5	7	2
0	2	4	16	1
0	1	2	16	14
1	6	7	10	7
1	1	14	7	9
0	14	10	16	18
0	14	6	11	15
1	8	17	16	18
0	10	10	7	6
0	18	2	3	1
0	12	10	14	15
1	11	17	2	14
0	13	8	2	8
1	5	10	8	16
0	3	1	9	17
0	12	6	11	16
1	3	12	15	18
0	18	16	6	17
0	17	8	3	8
1	8	16	9	14
0	6	3	19	1
1	8	16	16	5
0	8	6	5	5
0	13	8	14	6
1	8	16	6	6
0	1	1	9	5
0	16	1	8	13
0	2	5	4	12
1	14	10	10	1
1	8	18	14	17
0	15	8	13	2
0	16	16	5	3
0	1	3	19	10
1	5	8	18	19
0	12	11	19	3
0	3	7	3	11
1	12	14	5	19
0	6	1	9	14
1	1	6	11	15
0	9	13	5	17
0	1	7	11	1
1	10	16	6	4
0	9	6	19	4
1	17	12	1	15
0	12	9	19	15
0	15	3	1	16
0	7	10	10	6
0	13	11	13	7
1	12	15	10	15
1	15	18	12	2
1	2	7	10	19
0	18	7	9	13
1	3	16	5	5
1	5	17	13	8
0	15	5	18	6
0	18	16	19	19
0	3	1	13	4
0	9	10	4	11
1	14	18	8	9
0	11	15	6	2
1	4	15	5	18
0	8	3	10	2
0	16	7	1	15
0	14	4	16	2
0	18	1	15	3
0	5	16	19	4
0	8	11	2	18
1	4	16	13	16
1	1	7	1	13
0	13	12	10	16
0	2	2	19	6
0	16	10	4	17
0	17	3	15	18
1	2	17	18	12
0	11	6	15	2
1	5	11	3	18
0	18	6	6	18
0	13	4	8	11
0	15	3	12	1
0	14	1	13	10
0	5	12	18	12
1	11	18	19	8
0	17	8	19	18
0	3	9	12	9
0	18	14	7	8
0	13	12	17	5
1	1	16	16	17
0	2	10	8	8
0	15	14	7	18
1	17	17	12	2
0	3	7	13	13
0	17	1	8	13
0	17	10	4	11
1	6	7	14	11
0	14	10	1	17
0	9	3	13	17
0	12	2	8	5
1	7	15	1	8
0	7	5	11	9
1	3	14	1	1
0	6	3	18	14
1	3	5	15	4
1	7	15	13	9
0	8	1	13	1
0	16	16	7	1
1	8	18	7	1
1	1	13	7	6
0	18	6	1	19
0	1	5	14	4
0	13	8	18	7
1	8	12	13	6
1	17	9	7	14
1	4	18	14	5
1	5	18	11	7
0	18	5	8	5
1	10	11	11	4
1	4	18	16	19
0	18	7	14	9
1	4	13	2	19
0	13	10	11	16
1	5	3	2	10
0	17	13	16	4
0	14	2	4	9
0	18	12	15	14
0	2	8	13	1
0	16	13	19	16
0	14	8	8	7
1	1	16	11	19
0	15	9	7	15
0	15	1	11	9
0	14	2	10	4
0	15	2	5	18
0	12	16	13	18
0	10	6	19	6
1	2	7	3	4
1	15	12	15	18
0	16	12	9	4
0	9	9	6	16
1	16	17	19	5
0	3	2	19	9
1	14	13	8	18
0	14	15	7	3
0	12	3	15	17
0	9	18	17	6
1	18	16	4	6
1	8	11	6	14
1	4	5	10	15
0	11	2	6	7
1	5	10	5	7
1	15	17	6	12
1	1	9	6	18
0	4	1	8	3
1	11	16	2	11
0	18	8	9	3
0	9	8	12	1
1	7	18	15	16
1	5	15	16	7
1	4	17	11	18
0	10	1	2	10
0	6	1	18	3
0	15	15	18	10
0	18	1	14	14
1	1	2	1	9
0	8	4	9	16
1	1	6	9	14
0	13	3	17	4
0	8	3	15	8
1	1	7	10	18
0	5	10	13	18
1	12	18	1	6
0	8	2	19	13
0	18	6	16	5
1	5	12	13	9
1	2	4	1	13
0	7	9	11	5
0	16	3	9	5
0	8	2	4	17
1	3	17	8	16
0	9	5	16	14
1	4	13	6	2
0	15	11	11	17
1	10	18	12	10
1	9	11	18	2
0	10	15	19	1
1	1	10	4	6
0	16	7	8	5
1	13	15	2	3
1	3	11	2	16
0	7	8	17	7
0	12	4	6	13
1	6	15	1	16
0	18	7	3	11
0	16	15	8	2
1	12	13	10	16
0	11	8	2	9
1	10	16	17	13
0	12	1	11	3
0	15	16	13	5
1	13	17	2	7
0	16	4	10	7
0	8	3	8	4
0	8	4	4	7
0	17	11	19	13
1	2	15	3	14
0	6	1	17	13
1	11	16	3	14
1	7	18	5	3
0	12	2	12	17
1	8	18	18	5
1	15	14	7	19
0	14	7	17	5
1	1	7	12	17
0	8	3	14	11
0	13	2	18	15
1	4	16	14	4
1	10	17	11	5
0	12	2	13	17
0	17	3	11	1
0	13	6	7	17
1	9	17	6	8
0	2	8	10	1
0	16	2	11	6
1	10	6	12	14
1	4	10	8	13
1	9	15	8	15
0	4	7	3	4
1	4	6	4	9
1	12	18	10	12
1	15	15	13	14
0	13	9	6	5
1	4	13	10	19
0	13	2	3	17
1	7	2	13	16
0	11	12	6	9
1	5	11	2	15
1	7	3	19	2
1	12	16	8	7
1	5	6	13	10
1	8	13	11	17
1	12	14	8	12
1	13	16	11	18
0	6	3	3	13
1	17	18	6	1
0	11	2	7	2
1	3	16	7	15
0	12	13	11	8
1	5	10	9	3
1	8	6	15	2
1	4	12	8	7
1	13	14	6	5
1	8	14	7	3
0	18	13	16	8
0	10	2	7	14
0	9	15	6	4
1	2	4	13	3
1	9	14	9	19
1	7	14	7	11
0	12	10	10	14
1	15	17	1	12
1	18	16	17	15
0	7	6	12	2
1	9	12	8	10
0	4	7	18	16
0	18	11	18	17
