Resp	V1	V2	A1	A2
1	12	5	14	5
1	5	17	18	5
1	16	16	5	17
1	8	9	3	9
0	4	4	8	9
1	2	7	6	13
0	18	7	17	7
1	8	16	7	19
0	7	1	9	2
1	2	16	19	5
0	18	14	3	12
1	2	12	10	8
0	8	6	11	5
1	2	3	16	16
0	5	7	9	4
0	7	11	17	17
0	13	1	18	17
1	11	15	10	15
0	9	2	17	3
1	1	14	15	14
0	5	8	6	3
0	10	8	15	4
0	9	1	16	8
0	10	1	13	7
1	11	12	15	7
1	2	14	7	9
1	15	15	9	18
0	13	3	6	18
0	8	8	6	16
0	18	7	19	17
1	6	3	9	12
0	15	16	19	12
0	17	12	1	15
1	10	11	7	16
1	13	16	17	9
0	11	11	6	9
0	14	4	13	4
0	12	9	12	15
1	1	17	7	8
0	4	8	11	15
0	15	5	4	15
0	13	15	3	11
0	5	5	3	17
0	17	6	13	8
0	12	3	17	17
1	16	15	1	16
0	14	3	14	4
1	4	18	1	5
0	9	8	7	13
0	15	13	8	19
0	12	13	17	6
0	3	2	17	17
0	11	3	12	14
1	12	15	19	15
0	18	13	12	16
0	10	14	16	8
1	2	8	18	12
0	13	11	13	11
0	3	3	3	14
0	3	13	15	3
1	7	4	1	10
0	8	10	18	15
0	10	6	19	1
1	1	14	6	7
0	15	5	17	19
0	17	17	2	1
1	5	14	1	16
0	8	11	6	16
1	4	17	3	3
0	18	1	18	4
0	4	12	2	6
0	2	4	15	1
1	7	18	9	12
0	7	13	18	16
0	3	4	7	4
0	18	16	13	5
1	5	16	17	6
0	15	16	5	4
0	5	17	2	16
0	6	9	15	15
0	11	16	11	14
0	16	9	2	7
1	3	10	12	16
1	5	18	19	18
1	11	13	7	1
1	4	5	11	17
0	16	13	5	17
0	3	4	17	7
1	2	18	8	16
0	10	5	8	18
1	11	2	4	19
0	18	2	3	15
0	18	8	6	9
0	5	8	17	11
0	1	3	13	10
1	2	15	19	15
0	6	6	3	10
1	13	15	19	1
0	17	3	14	8
1	7	13	1	19
1	3	3	6	9
0	2	10	11	4
1	17	7	18	8
1	2	15	4	14
0	7	4	11	14
1	2	15	1	13
1	9	16	9	9
1	2	2	2	19
0	4	9	14	9
0	13	18	19	4
0	14	7	19	16
1	2	16	16	15
0	12	11	15	18
0	3	2	18	4
0	13	12	3	18
1	4	16	5	17
0	2	10	18	18
0	18	9	4	14
0	10	11	3	10
0	17	7	16	1
1	7	18	10	2
1	5	14	18	18
1	9	14	11	17
0	6	8	2	1
0	13	15	17	19
0	6	6	16	11
1	4	14	4	15
1	5	16	17	16
1	4	8	9	15
1	13	18	13	18
0	1	6	13	10
1	9	13	4	10
0	16	6	5	19
1	11	17	9	19
0	7	10	15	8
0	17	7	15	6
1	11	15	5	10
1	18	13	11	16
0	12	7	11	3
1	6	18	18	8
1	12	5	2	8
0	5	5	17	1
1	10	16	18	17
1	7	18	14	2
0	8	13	1	19
0	11	18	18	2
0	18	14	8	10
1	5	11	13	15
1	18	6	5	3
1	15	14	19	15
0	5	6	9	17
0	7	3	11	1
1	1	7	12	16
1	11	9	1	7
1	6	13	13	17
0	11	9	13	6
1	5	18	3	1
1	1	18	6	18
0	7	5	15	11
1	2	18	16	16
0	17	8	4	10
1	15	13	3	12
1	8	17	15	12
0	8	2	11	2
1	8	15	5	13
0	5	7	16	16
1	8	7	3	16
0	9	9	3	5
1	4	18	12	18
1	5	18	11	6
1	10	14	6	10
1	13	15	14	7
0	14	9	14	14
0	8	13	16	16
1	5	8	8	18
0	9	4	3	12
1	5	12	10	14
1	3	11	6	3
1	6	7	19	10
0	12	2	8	11
0	10	15	5	1
0	3	6	1	5
0	4	8	19	12
0	18	13	18	12
0	2	14	14	1
0	16	14	13	5
0	15	8	1	6
1	6	11	10	17
0	5	12	5	3
1	11	2	16	15
1	4	4	7	19
0	5	9	19	7
1	3	1	12	11
1	14	6	5	15
0	16	11	14	9
1	3	11	5	17
0	5	8	19	11
0	16	9	13	16
0	3	6	12	15
0	14	15	2	13
1	15	12	3	19
0	3	7	13	2
0	13	9	3	11
1	5	15	18	17
1	5	8	11	14
1	7	6	1	13
1	6	16	15	6
0	9	12	8	1
0	12	10	16	3
0	8	13	8	19
1	1	16	14	15
1	6	17	17	1
1	10	17	5	13
0	3	7	14	1
1	4	17	1	11
0	5	1	12	1
0	2	4	17	1
0	10	7	13	10
0	2	7	5	4
1	9	16	12	18
0	4	10	7	3
0	16	10	5	6
1	6	11	2	10
1	2	6	7	19
0	15	2	19	11
0	13	9	5	7
0	17	5	15	2
0	10	11	8	9
0	1	9	17	12
0	15	10	6	1
0	17	10	19	6
0	6	5	9	16
0	12	7	15	1
0	14	17	19	5
1	11	9	10	17
1	5	17	15	14
0	17	12	10	11
1	12	16	16	1
1	8	12	8	3
0	12	7	15	14
0	12	15	17	18
0	8	3	10	3
1	2	13	3	19
0	4	5	18	16
0	8	2	16	13
1	12	12	3	18
1	11	14	13	2
1	4	11	3	15
0	2	3	8	10
1	1	16	7	5
0	5	7	14	15
1	4	8	10	8
0	8	3	15	6
1	4	15	17	17
0	17	6	16	7
0	18	8	16	1
0	13	11	8	13
0	14	6	14	4
1	6	6	5	8
1	13	17	11	4
1	10	15	14	3
0	11	4	1	15
0	18	16	2	9
1	11	16	4	3
0	14	5	8	10
0	5	8	19	13
1	7	13	14	13
1	5	15	1	16
0	9	7	5	15
0	18	8	1	18
1	9	10	11	14
1	11	5	4	13
0	17	9	18	5
1	11	17	8	1
0	16	16	18	4
0	4	5	15	17
0	9	12	8	7
1	11	11	7	10
0	10	2	16	9
0	8	6	13	7
0	1	7	16	12
0	10	12	17	6
0	18	2	2	14
0	17	16	19	5
0	1	11	4	5
0	14	7	11	2
1	3	14	10	11
1	6	13	5	13
1	10	11	9	11
0	8	5	9	10
0	17	7	5	2
0	14	4	15	8
1	10	8	9	12
0	2	9	7	2
0	15	5	2	13
0	6	6	9	10
0	17	2	19	7
1	17	16	3	2
0	4	8	14	4
0	1	6	16	11
