Resp	V1	V2	A1	A2
0	9	8	16	4
0	17	8	18	4
1	11	15	13	12
1	18	10	8	10
0	16	13	16	4
0	14	5	9	3
1	8	17	8	6
1	13	11	15	18
0	4	4	14	13
1	10	13	7	6
1	4	18	9	13
0	17	10	2	15
1	8	6	7	5
0	8	12	18	3
0	7	10	15	15
1	12	16	6	19
1	1	15	3	12
1	5	12	16	16
1	1	18	6	11
0	8	4	1	9
0	3	7	18	5
1	9	15	11	3
1	1	16	1	6
1	4	9	15	10
0	3	7	19	4
0	12	8	14	6
0	17	11	19	5
0	13	12	17	12
0	11	4	8	1
0	14	7	19	17
0	3	3	19	6
1	6	18	5	14
1	1	8	16	15
1	9	18	11	12
1	1	11	19	2
0	8	5	3	14
1	11	14	11	18
0	16	1	6	3
0	17	6	5	5
0	10	7	8	7
1	18	18	11	9
0	17	11	12	10
1	4	5	16	16
1	17	17	16	18
0	18	15	17	9
0	16	8	19	18
0	9	3	10	1
0	16	12	16	3
1	17	17	11	17
1	3	7	1	12
1	5	18	15	13
0	17	5	10	8
0	16	10	10	4
1	7	4	14	18
0	14	2	7	16
1	4	15	1	1
1	14	14	4	6
1	5	7	6	13
1	7	12	4	5
0	15	7	7	18
1	6	16	2	12
1	5	14	4	6
1	3	13	14	5
1	3	14	1	7
1	14	13	8	13
0	7	5	7	6
0	10	4	13	18
1	14	16	10	3
1	4	18	16	12
1	1	7	19	15
1	8	7	1	18
1	8	13	9	8
0	11	1	8	10
0	17	3	18	7
0	8	12	17	6
1	8	15	18	19
1	5	14	7	11
1	3	12	18	8
1	1	11	9	10
0	12	3	5	3
1	13	17	1	19
1	3	9	8	11
1	7	17	1	15
0	12	5	8	3
0	12	2	18	1
0	3	4	3	5
1	16	18	8	14
0	14	1	2	15
1	8	10	17	7
0	18	11	13	14
0	3	10	6	9
0	5	10	19	2
0	6	11	13	11
1	6	1	15	17
1	10	18	16	17
1	14	17	2	13
0	3	3	3	5
1	2	17	9	6
0	15	4	8	3
0	11	1	19	2
1	11	13	2	18
0	17	3	5	18
1	2	6	2	7
0	10	12	16	3
1	7	18	12	16
0	2	10	2	9
1	16	17	8	4
1	7	17	1	13
1	3	8	9	16
1	11	17	11	16
0	8	2	9	9
1	10	17	3	14
0	15	13	11	3
1	13	12	15	19
0	13	1	2	18
0	8	1	15	15
0	18	3	3	8
0	15	1	10	18
0	8	16	16	5
0	6	3	4	4
1	5	15	14	19
0	13	9	9	6
1	10	16	3	10
1	7	14	14	14
1	10	18	1	2
0	10	6	19	15
0	15	3	6	18
1	8	7	10	19
1	4	18	2	13
1	9	13	7	17
0	13	6	11	18
0	6	5	16	19
0	6	7	11	5
0	4	9	7	6
1	9	5	16	7
0	11	2	1	1
1	9	17	3	3
1	7	14	12	8
1	6	13	3	4
0	15	7	14	17
1	5	2	18	19
0	12	9	16	1
1	4	14	7	15
0	15	11	19	3
0	6	2	15	4
0	14	11	1	8
0	12	2	8	4
0	7	1	11	16
0	2	4	15	1
0	14	4	1	7
1	6	7	2	16
1	4	9	4	3
0	16	7	14	2
1	7	13	13	5
1	2	2	3	9
0	4	4	19	6
1	8	5	1	14
1	6	9	7	1
0	13	11	14	15
0	9	7	3	16
0	5	12	19	6
1	7	1	18	17
0	17	1	1	6
1	9	16	5	4
0	3	12	17	1
0	11	9	18	7
1	5	12	12	11
1	1	12	15	19
0	11	11	18	7
0	17	5	13	12
0	9	13	16	12
1	10	14	10	7
1	1	14	4	19
0	18	15	6	13
1	7	6	9	4
1	7	16	2	12
1	3	15	17	4
0	8	2	11	2
1	7	16	1	13
1	8	18	5	17
0	16	14	9	6
0	14	2	19	14
1	4	9	18	8
0	15	12	9	14
1	14	15	19	6
0	16	17	18	3
0	5	5	18	10
0	4	1	14	4
1	10	14	19	11
0	10	1	19	7
1	3	14	15	14
0	11	7	17	2
1	10	17	3	5
0	2	2	4	7
0	14	7	10	11
0	8	7	7	13
0	9	5	10	11
1	9	6	8	13
1	8	8	5	8
1	12	12	2	10
0	12	7	1	4
1	8	12	11	1
1	4	12	7	1
1	5	18	4	2
0	8	11	7	4
0	11	7	15	4
0	4	1	3	1
1	11	14	15	18
0	18	18	16	9
1	10	12	17	4
1	3	10	18	9
0	2	1	2	17
1	7	17	13	13
0	11	9	9	9
1	8	18	1	16
0	16	14	7	19
0	7	6	15	7
1	5	16	19	8
1	7	18	7	19
0	18	16	5	4
1	15	14	3	3
1	10	13	3	16
0	16	6	13	14
1	8	18	7	2
1	2	5	15	16
0	9	3	4	4
1	1	17	13	12
1	9	13	8	16
1	14	18	2	18
1	7	11	15	5
1	8	12	3	13
1	5	16	18	17
0	16	4	15	5
1	1	18	9	5
0	12	14	18	9
0	8	2	7	17
0	17	4	10	1
0	10	1	19	2
1	15	14	12	14
1	8	15	2	15
0	16	5	11	10
1	16	17	4	8
1	3	15	14	7
1	12	18	10	15
0	13	5	13	5
0	12	4	10	6
0	13	7	19	9
1	1	18	8	5
1	1	15	2	18
1	12	15	17	3
0	9	5	18	9
0	16	8	4	18
0	16	4	17	15
0	11	10	17	10
0	11	2	12	2
0	17	10	3	7
0	13	10	5	12
0	12	10	10	3
0	17	7	5	16
0	17	10	19	9
0	1	3	13	3
0	18	10	3	7
1	14	15	14	15
0	16	1	16	14
1	2	4	9	17
0	14	12	11	12
1	15	18	19	1
0	4	10	19	3
0	12	5	7	1
0	8	5	6	8
0	13	15	4	1
0	8	2	5	11
1	1	5	1	15
1	1	14	1	8
0	12	11	13	7
0	5	4	3	7
0	12	10	18	3
1	4	6	17	10
1	3	8	9	12
1	8	5	1	16
0	12	5	1	1
0	10	12	11	12
1	17	11	1	16
0	9	7	4	3
1	7	18	13	10
1	1	11	14	17
1	8	17	3	3
0	9	2	18	5
1	1	14	1	7
1	10	16	7	2
0	17	10	16	1
1	3	4	17	6
0	6	9	19	18
1	7	17	2	16
0	15	13	5	12
1	1	7	4	5
0	13	9	18	4
1	10	18	9	19
1	15	14	3	11
0	13	9	7	1
