Resp	V1	V2	A1	A2
0	16	7	10	7
0	13	10	19	12
1	10	7	1	11
1	12	14	7	18
0	14	6	9	18
1	9	3	1	8
0	16	3	13	15
0	6	10	9	8
0	18	10	17	14
0	4	11	6	2
0	12	1	12	6
0	5	6	19	3
0	9	7	18	3
1	9	3	5	17
1	13	16	7	13
0	7	17	19	8
1	1	3	1	19
1	3	14	13	12
0	17	5	17	2
1	9	18	17	2
1	2	16	8	11
1	7	14	12	16
1	1	3	2	10
0	11	3	11	1
0	1	1	16	11
0	17	15	8	4
0	13	4	5	2
1	5	17	16	9
0	4	3	19	9
0	18	1	12	13
0	14	3	3	4
1	15	8	12	16
0	17	9	15	16
0	17	9	3	6
0	7	10	8	14
0	13	2	16	15
0	10	4	14	15
0	18	14	14	16
0	5	11	19	13
0	3	12	13	15
0	14	5	9	17
0	6	3	15	8
0	18	15	19	15
0	15	8	17	10
0	13	3	1	17
0	5	5	14	1
0	11	16	9	4
1	16	8	3	16
1	3	17	1	15
0	8	7	19	15
1	9	10	4	15
1	13	17	16	12
1	7	14	18	7
1	7	13	18	6
1	1	15	14	3
0	10	1	8	13
0	16	12	15	18
1	16	15	4	17
1	2	12	16	6
0	9	2	8	10
0	4	9	2	17
0	8	9	1	16
1	1	16	11	9
0	18	3	18	18
1	12	13	3	19
1	6	15	2	11
1	1	2	2	4
1	12	6	4	8
1	8	16	9	5
0	13	7	13	8
0	9	2	12	18
1	16	7	17	3
0	10	12	5	10
0	6	10	17	12
1	16	18	17	17
0	8	7	14	1
0	18	3	19	7
0	7	3	3	1
0	15	5	15	8
1	3	17	12	12
0	11	15	9	7
0	3	8	14	15
0	18	9	17	12
1	6	12	2	7
0	17	4	9	2
0	14	8	17	9
1	3	16	15	1
0	5	4	10	17
1	4	7	6	16
0	14	6	12	9
1	17	4	6	7
1	5	8	15	18
1	10	15	1	4
0	5	6	18	3
0	4	12	16	8
1	10	18	11	12
1	14	14	11	16
0	10	5	2	10
1	13	17	17	8
0	6	6	15	8
0	8	14	10	6
1	10	7	3	7
1	9	18	6	9
0	2	1	13	18
0	15	3	9	11
1	7	15	19	16
0	11	12	9	7
1	12	14	3	9
0	13	15	16	5
1	10	5	2	17
0	16	6	15	18
0	8	6	5	2
1	7	18	5	19
0	15	14	18	2
0	1	4	7	10
0	18	1	16	3
1	13	4	1	19
1	16	16	3	17
0	12	14	18	17
0	8	11	14	7
0	16	4	19	1
1	6	14	7	12
0	15	6	14	9
1	5	15	3	5
0	7	4	19	17
0	10	14	17	17
0	7	16	19	14
1	9	6	17	11
1	8	3	9	10
1	5	18	1	14
0	12	8	10	5
0	6	15	13	10
1	7	8	7	16
1	12	10	5	9
0	6	5	17	14
0	12	7	15	3
1	13	12	6	11
1	17	11	10	14
1	4	15	9	6
0	12	8	15	17
0	17	8	12	6
1	6	13	10	9
1	15	6	1	18
1	5	12	6	14
1	2	9	6	6
1	2	11	6	13
0	6	1	4	1
0	9	10	17	12
0	1	10	16	18
0	10	6	6	6
1	10	6	13	17
1	7	9	1	15
1	1	6	4	17
1	6	12	10	12
1	1	4	5	12
1	7	6	5	12
1	7	17	9	11
0	6	5	19	9
1	7	13	7	5
0	16	11	15	5
1	16	10	11	19
1	10	15	5	16
0	7	7	6	2
1	1	15	9	3
0	8	2	15	9
0	16	6	9	19
1	6	13	11	10
0	18	9	17	3
1	10	3	7	16
1	16	18	8	4
0	12	9	15	19
0	15	5	4	5
1	10	1	3	12
1	10	16	4	3
1	10	9	5	16
0	11	2	4	3
0	5	15	16	12
0	17	9	2	4
1	5	10	9	11
1	2	14	7	5
1	3	6	2	7
1	1	7	1	17
1	7	6	5	19
1	1	10	1	11
0	3	1	18	11
1	11	9	9	16
1	11	10	15	16
0	17	4	18	18
1	17	17	5	13
0	18	10	13	7
0	12	9	16	1
0	2	7	5	4
1	13	17	17	18
0	9	7	16	18
1	12	16	19	18
0	2	14	18	9
1	14	12	11	10
1	13	14	18	8
0	10	3	6	13
1	2	13	16	18
1	9	4	19	18
1	8	17	13	6
0	10	6	17	6
1	5	14	13	16
1	9	17	5	2
0	5	4	9	15
1	5	11	5	11
0	16	4	16	19
1	3	6	14	11
0	15	15	8	4
0	18	6	4	18
0	12	10	7	13
1	1	12	7	15
0	11	1	1	11
1	2	7	12	6
0	9	3	3	7
1	6	13	4	4
1	3	12	12	5
0	18	1	4	6
0	17	10	14	18
1	8	17	1	2
0	17	6	12	12
0	16	11	11	15
0	14	16	12	8
0	16	17	3	15
0	13	3	19	3
0	14	6	17	18
0	4	5	11	5
1	15	12	1	16
1	7	8	4	11
1	10	8	5	16
0	15	7	13	19
1	5	9	1	9
0	18	6	10	11
0	18	16	18	15
0	3	2	4	11
1	4	9	12	17
1	11	13	10	1
1	14	5	7	13
0	7	3	5	8
0	7	7	13	7
1	1	7	6	13
1	17	18	2	15
0	10	13	17	6
1	2	2	6	18
1	14	16	11	14
0	9	4	7	13
0	14	5	13	5
1	2	17	5	16
1	1	14	3	15
1	1	5	2	11
0	6	12	17	10
0	18	2	2	9
0	11	7	14	15
0	11	5	16	13
0	6	5	14	7
0	14	18	7	3
1	8	18	17	4
0	16	8	1	3
1	15	16	5	9
0	11	7	12	4
0	18	13	16	6
1	9	16	8	18
1	11	13	3	14
1	7	12	2	10
0	12	12	17	1
1	17	17	6	11
0	9	3	12	6
1	10	7	12	9
1	14	16	4	8
1	2	15	1	11
1	5	10	10	12
0	2	12	14	12
1	1	11	14	19
1	17	13	1	8
0	16	11	18	13
1	4	16	8	19
1	1	18	16	3
1	17	10	9	13
0	3	3	13	6
1	7	13	11	10
1	7	7	8	10
1	7	5	2	17
1	13	11	2	14
0	18	17	9	4
0	16	7	6	8
1	11	12	3	8
1	11	17	5	17
1	7	7	14	19
1	2	10	11	11
1	16	12	12	8
0	15	14	12	2
0	3	5	2	7
1	6	4	6	7
0	13	12	14	5
1	15	9	3	10
0	14	3	9	8
0	17	9	17	14
0	8	4	12	2
1	7	17	12	16
